10    1   -2    3   -1    0    2   -3    1    1   3
 1   12    1   -4    2    3   -1   -2    1   -1   8
-2    1   15    1   -3    2    0    3    0   -2  -5
 3   -4    1   20   -1    0    1   -2    0    3   12
-1    2   -3   -1   25   -2    3    0   -1    4   7
 0    3    2    0   -2   18    4   -1    2   -1  -9
 2   -1    0    1    3    4   16   -3    1   -2   6
-3   -2    3   -2    0   -1   -3   18    1    0   -4
 1    1    0    0   -1    2    1    1   14    2   5
 1   -1   -2    3    4   -1   -2    0    2   17  10
