10    1   -2    3   -1    0    2   -3    1    1   3
 1   12    1   -4    2    3   -1   -2    1   -1   8
-2    1   15    1   -3    2    0    3    0   -2  -5
 3   -4    1   20   -1    0    1   -2    0    3   12
-1    2   -3   -1   25   -2    3    0   -1    4   7
 0    3    2    0   -2   18    4   -1    2   -1  -9
 2   -1    0    1    3    4   16   -3    1   -2   6
-3   -2    3   -2    0   -1   -3   18    1    0   -4
 1    1    0    0   -1    2    1    1   14    2   5
 1   -1   -2    3    4   -1   -2    0    2   17  10

Solution:
x_1 = -0.36867
x_2 =  1.32753
x_3 = -0.37568
x_4 =  0.82781
x_5 = -0.08310
x_6 = -0.85066
x_7 =  0.74404
x_8 =  0.08014
x_9 =  0.27066
x_10 =  0.52294
